1000802
1001530
1002030
100216
1002260
1002316
1002836
1003712
100389
100446
100540
1005480
100555
100794
1008399
1009476
1009502
101006
101054
1011267
1011305
1011525
1011682
101191
1012754
1012901
1013036
101311
10147
101570
101598
1016013
10165
101707
1017542
1018758
1019307
1019385
1019488
1019646
101973
1020074
1020085
102204
1022139
1022179
1022909
1022960
1023469
102394
1023979
10242
1024
1025231
1025266
102613
1028123
102909
10290
1030010
10300
1030656
103090
1031206
1031268
103216
103254
10330
1033213
1033570
103401
1034371
103515
103527
1035537
103555
1035616
10357
10362
10371
103747
103835
1038551
1038654
103899
1039951
104043
1040773
1040
1041008
1041024
1041097
1041685
10424
104374
104447
10446
1044801
1045411
1045791
104644
104680
1047895
1048026
104802
1048133
1048235
1048308
104946
1050154
1050386
1050720
105120
105148
105170
105378
1054016
105414
10542
105519
1055291
105568
105587
1056231
1056483
105678
1057037
105712
1057298
10574
1058108
1058335
1059084
105955
105961
105989
106046
1060
1061652
106219
1063095
10637
1064130
1064155
106429
1064430
1064629
10648
1064995
1065004
106504
1065839
1066
1067283
10673
10675
10678
1068241
1068644
106884
106902
106903
106907
1069913
1070000
1070633
107090
107129
10715
107163
10719
107240
107331
107382
1074251
107463
10746
107487
1075094
107532
107535
107570
1075792
1075894
107677
107681
1077035
1078024
10781
1078559
1078750
107903
107940
107963
107974
1080143
1080147
1080427
1080976
1081078
1081093
1081380
108183
1081940
1082186
1082576
108283
108330
10834
1083631
1083941
10843
1084648
108517
10858
1086171
1086269
1087320
1087409
108780
108806
10884
108892
1089905
10899
108
1090192
1091029
1091133
109113
109137
1091532
1091592
1091893
1092805
109333
1093786
10938
1094252
1094407
10948
109514
1096969
10970
1097227
109729
109741
1097435
10974
109805
109811
1098495
10988
10994
1099959
1100589
1101194
110240
1102528
110256
1102831
1102981
1103081
110342
1103819
11038
1104722
110523
110536
1106415
1107080
110754
1107876
11078
11081
110894
1109087
1109652
111014
11106
111072
1111889
1111931
1112038
111235
1112574
111276
111368
111407
111413
111430
111465
1114953
111758
1117759
1118001
111801
1118480
11185
1118651
1119123
1119271
111964
111974
112050
112151
11216
112188
11224
112253
1122587
112261
1122903
1123048
1123384
1123396
1123428
112344
1123832
1124082
1124222
11245
1125658
11256
112586
1126099
11260
112663
112689
1127576
1128076
1128148
112854
113019
1130391
113096
113100
1131397
113154
113201
113269
1133099
1137
113822
11382
11383
1139789
11403
1140856
114188
11421
1143253
1144305
114463
1144984
114533
1146667
1147451
114946
1149972
1150118
11502
115098
115207
1152
1153416
115350
115351
115526
1155576
11585
115985
115
1161059
11617
116241
11629
1163163
1163768
116455
1164568
1165399
116661
1169516
116985
117107
117311
117358
1173739
117376
11739
1173
117494
11753
1175693
11757
117609
117649
1176732
1176902
1176
11773
117768
1177961
117878
117898
117958
11808
118112
1182883
1184990
1185521
1186317
1186442
118713
1187729
118910
119016
119038
11906
11907
119177
1191887
1192214
11932
11942
1194305
1194503
11947
11956
11960
11965
119712
11984
1198790
119922
119940
120003
120007
120133
12016
1202014
1202103
1204311
120454
1205322
1206424
120711
120802
120861
120876
1209073
121226
121267
121294
121492
121508
12150
12153
1215847
121649
1217401
121782
121811
121932
122108
1221709
1222063
1222111
122238
12230
1223505
1223706
1224072
12242
122515
122570
122576
1226743
1227034
12299
12301
12302
1230630
12317
123203
123288
1233941
123493
123495
12354
1236529
123758
123939
123942
124042
124070
124148
124219
124359
1243958
1244114
124428
12444
1245009
124534
124554
124601
124678
124703
124707
124765
124811
12500
1250238
125170
125409
125462
125482
1257268
12580
125823
125841
125844
1258526
125974
126023
12604
12612
1261698
126176
1263039
126462
126471
1266105
126685
12668
126894
1269027
126937
1269867
127047
127057
127163
127182
127236
12737
127417
1274648
1275789
127605
1276515
12770
127731
127754
127820
12782
127860
1278784
127916
12794
1279984
128085
128103
128217
1282863
128303
12830
1283378
128444
128473
1286135
12862
128691
1286991
1287993
12884
128929
128959
1289616
129052
129164
129173
129213
1292822
1294296
1294470
1295066
1296646
1298281
12987
130132
13014
13024
130290
130519
1307106
1308451
1308595
1308702
13087
130934
1309714
13117
131365
131450
131475
13172
131763
131966
1321548
132155
1321800
132246
132318
132350
132398
1326141
1326232
1328755
132890
1329022
13290
132957
132999
133002
133007
1330241
133039
13311
1331560
1331658
1331795
1332203
13326
1332767
1332892
1333698
1334182
1334451
1334715
133472
1334919
133524
1335436
133557
133605
1336404
133656
133708
1338329
133870
133872
133960
13402
13411
1341883
1341901
134190
1342111
1342950
13431
1343952
1343968
1344760
134506
1345528
1346037
134661
1347071
1347798
1347799
134779
134797
1348225
134836
1348454
13488
1349446
13501
1351118
1353408
135347
1353787
135468
135534
1355448
1355485
1355996
135637
135682
1357
1358081
1360107
1360540
1360
1361039
136268
1363751
136414
13657
136636
1366423
1367394
1368113
1368312
1368339
1368602
1369312
1369878
137001
1370111
1370696
1370710
137104
137154
137168
1372040
137220
137239
1373000
137358
1374632
137524
1375346
1377798
1378110
1378571
13794
1379653
137971
138069
1380789
13812
1381392
138141
138155
13823
138289
1383581
138385
138455
1385069
138524
1385406
1386318
138678
1387028
1388054
138905
1389176
1390137
1390324
139078
1391219
13912
1391379
1391429
13915
1391913
1392653
1393361
1393396
1393678
1394255
1394375
1394456
1394592
1395086
139508
1395444
1395613
139595
13965
1397646
1398883
1399382
1399957
1400677
140075
140166
1402128
14026
1403113
1403489
1403591
1403796
140430
1404403
1404641
1404993
1405166
1405439
1405969
140642
140658
1406888
140724
1408729
1408852
1408894
140919
141056
141061
141089
141117
1411190
1411287
1413256
1414226
1414436
14148
141504
1415163
1415166
1415527
1416064
1416481
1416577
1416635
1417167
141774
1418962
141901
1419625
1420041
1420195
1421350
1421382
142139
1421647
142172
1421800
1422433
1422747
1422845
1422922
142304
14234
1423749
142403
142419
142472
1426467
142755
142774
1428046
142840
142901
14291
143006
1430463
1430807
1430812
1431050
143113
143130
1432792
143280
1432870
143418
1434267
1436216
143843
1440168
144022
1440684
1441485
144165
144224
1444078
14454
1445969
1447047
144738
1447396
144748
14474
144810
1448275
144836
1448825
144908
1453
1454425
1454
145540
1455826
1457757
145799
1458256
1459691
1459861
1459
1460739
1461036
146106
1461146
146127
146176
1461
1462172
1462904
1463870
1464117
1464540
1464960
146587
1466595
14688
146900
1469546
1469628
1470087
1470380
1470
147106
1471144
1471264
1472216
1473015
147357
1473843
1474003
147514
1476101
147741
1478816
147914
1479154
1479216
1479314
1479407
1479565
1479716
1480480
1480545
1480646
148070
1482211
148454
148570
1485713
148593
1488382
1488750
148899
1489424
1489842
1490064
1490091
1490143
1490270
1490493
1490878
149087
1491451
1491671
1492034
14921
149221
1492263
1492362
149246
1493080
1493967
1493
1494085
1494115
1495093
149528
1495292
149539
1495543
149558
1495
149695
1497541
1498115
14995
1499880
150013
1501334
1502062
1502322
1504325
1504327
1505131
1506152
1507409
1507586
150923
1509500
1510187
1510265
1510359
1512323
151261
1513131
151335
1513995
1514827
1516323
1516424
1516800
1517021
1517621
1518877
1518953
1519309
151930
1520038
152049
1520534
1520821
1520
1522054
1522367
152254
1522811
1524329
1524458
1526134
1527166
1527341
1527675
1528
152918
153094
1532245
1532382
1532966
1533247
1533565
15338
1534029
1534160
1534161
1534787
1535615
153638
1536426
15370
153739
1537679
1537700
153773
1538064
1539362
1539411
1539711
1539832
1542056
154229
154233
1542553
1542981
1543048
1544146
154464
1544875
154537
154545
154582
154595
1545
1546506
1546717
154679
1546839
1546971
1549064
154910
1549240
1549433
1550444
1550627
1550908
1551667
1551950
155266
155292
155355
155397
1555652
1555716
155576
1556
155732
1558638
1558714
155921
15599
1560962
1561216
1561293
156149
1561676
1562992
1563734
1563852
1564055
1564073
1564217
156425
1564407
15644
156479
1564803
1565737
156642
1566445
1566683
1566706
156800
1568906
156930
156941
1572009
1572646
1572973
1573180
15733
1573990
157418
15742
1575349
1576565
1577174
1577455
1577630
157851
157858
1579175
1579891
1580096
158066
1580892
1581069
1581570
1582893
158307
15834
1583601
158375
15849
158570
158587
158588
15884
1589088
1589265
1590131
1590545
15906
1590890
1590973
159123
159139
1592144
1593286
1594125
1594681
1594835
1595415
159565
159626
1597018
1597875
159817
1598271
1599017
1599024
1599057
1600377
16003
1600633
1601920
1603036
160312
1603345
16046
16050
1606398
1606537
160661
1606678
1607326
16074
16075
160789
160930
1609397
160959
1609692
160974
1609807
1610138
1610247
161074
1611017
1611889
1612013
1612226
1612407
161311
1613572
1613615
1614117
1614147
1614498
1614649
1615332
161598
161615
161694
1617223
161807
161827
1618708
1619003
1619477
1619981
1620995
1621254
162169
1621784
162179
1621965
162208
1622145
1623618
1623812
1624056
162519
1625286
1626172
1626510
1626858
1627272
1627464
162914
1629437
1629688
1629910
1630655
1631424
1631
16322
1632620
163374
1634222
1634228
1634421
1634648
163481
16351
1635460
16357
163621
1636465
1637809
1637982
163804
1638092
163816
1638290
1639688
164015
16410
16413
1641794
1641857
1641895
164202
1642196
164313
164459
16447
1645310
16453
1645882
1646046
1646391
1646535
1646992
1647993
164827
1648448
164846
1648825
1649254
164927
1649621
1649714
1650158
1652187
165400
1654287
1655243
1655766
1655824
1656268
1657631
1658116
16583
1658502
1659679
1660223
1660272
1660323
1661321
1661326
1661370
1661741
166180
1661853
1662358
1662516
166256
1664009
166514
166515
166521
1665631
1665750
1666665
16669
1667694
1670265
167026
1670492
167069
1671078
1671443
1671553
1672009
167244
167326
1673526
16737
1674343
1675004
1676012
1676443
1676911
1676980
1677193
1677679
1677682
1678158
1678510
1678824
1678
1679153
167924
1680034
168024
1680558
168069
1680968
1681779
1682417
1682659
1682873
16829
16850
16857
1686893
1687370
1687529
1687533
168814
1688212
1688310
1688350
1688409
1689584
16895
1690860
1691075
1691177
1691182
1691495
1693232
1694097
1694259
1694562
1694689
1695319
1695510
1695586
1696364
169639
169658
16968
1696
169775
16977
1698465
1698814
1698992
16991
1699338
170075
1700774
17008
1701
17021
1704281
1704520
1704782
1704976
170526
1705471
1705482
1705743
1705937
1705983
170600
1706192
1706441
17065
1706628
1706686
1706704
1706818
1707315
1707891
1708239
1708623
1709563
1710396
17103
1710428
171077
1710911
17109
1711670
1711851
171215
17124
171272
171293
1713261
1713343
171359
1713889
1713929
1713950
1714483
17144
1715980
171602
171687
17172
1717522
1719158
171946
1719945
172005
1721480
17215
1721744
172239
1724302
17252
1726142
172779
1727931
1728098
1729034
1730183
1730657
17306
173195
1731
17323
17337
1734285
1734534
173569
173594
1737071
173714
173716
1737255
1737578
173763
1738583
1738677
173878
1739128
1739713
1739861
174013
174034
17403
1741137
1741384
1741982
1742727
174454
174465
17446
1745076
1745263
1747644
17480
1749466
175116
1751877
1752263
1752286
1752356
1752392
175307
1753270
17533
1753427
1753750
1753907
1754576
17546
175678
175694
17569
175848
175864
17599
1760325
17607
1760880
1762243
17625
1763177
1763388
176463
1764771
1765152
1765922
176609
1766158
1766290
1766399
176655
1767187
17683
176969
1769804
1770277
1770808
177082
1770850
1771136
1773422
1773965
177446
177508
177575
17771
17789
1779148
177931
177974
177989
1780104
1780119
1780402
178048
178144
1781716
178232
178297
1782
1783778
17837
178447
17851
178618
1786397
178908
1790531
179215
179246
1792492
179941
1799856
179987
180218
1803078
1805678
180681
180882
1810369
181052
181152
181232
18126
1812713
181325
1813366
18137
18145
181522
181612
18163
181689
18171
18208
182160
1823908
1824
18273
18282
18285
1829863
1829
18300
18301
18314
183180
1832450
18325
18326
183377
183484
18351
1837013
183783
183818
18381
184185
184367
184426
1844666
1846123
1846695
1846924
184940
1850844
185153
185592
185739
1857525
185819
1858409
18597
185982
186042
1860
186118
18623
1863428
18648
1865038
1865258
18655
1865689
1865928
186651
186667
186960
1869
186
18704
187061
187068
187152
187284
187359
1874
1875946
187662
1878973
1879408
188060
188067
1880781
1881
1882674
1884746
188713
188729
18881
1888948
1889111
18929
189412
18983
189884
18993
1899713
1900645
1900820
190089
1901868
190209
190280
190332
1904284
1904684
19048
19063
190845
1908838
191122
1912
191428
1914377
19182
1919639
192009
19211
1921268
192126
1921602
192227
192364
192385
192491
1927434
1927497
1929665
192985
193107
193289
193299
1932
1933
1934536
1935904
193593
193602
1936155
193728
193736
193761
1937802
193785
19446
19461
1946227
1946265
194702
194755
194908
194909
195176
19517
19538
19551
1955559
195610
19580
1958502
1959177
1959656
1963085
196333
196380
1966439
196713
1967979
1968569
1969131
196937
19698
1970462
1971212
1971278
197373
19744
1975524
19758
197655
1978116
1979110
19797
1980178
198378
1984234
198464
1985047
198505
1985292
1986279
1986316
1987208
1987328
198773
1989329
1989952
199013
1990767
1991077
1991284
1991588
199194
1992110
1992151
19922
1992917
199373
1994101
19943
199491
1995131
1995168
199535
1995415
1995498
1995925
1996115
1996670
1997199
1997232
1997451
1998063
1999806
2000004
2000367
2000730
2000
2001221
20015
2002312
20023
200252
2002550
2002656
2002904
2003077
2004016
200420
2004770
2005768
2006850
2007499
200750
2007528
2007864
2008477
2008759
2010916
201111
2012464
2012632
2012955
2012990
2013065
2013141
2013191
201351
201395
2014009
2016304
2016446
201686
2016
2017006
201723
2017571
2018751
2018867
2019230
2019297
202007
202019
2020258
2020321
2020537
20210
20216
2021724
2021771
2021800
2021976
20220
202226
2022473
202254
202333
2023654
202368
2023717
2023806
2024061
2024189
2024601
2025190
2025420
2025486
2025628
202621
2026289
2027538
2027636
2028535
2028796
2028919
2029709
20316
2032246
2032323
2032422
2032471
203254
2032805
2033105
2033259
203329
2034802
2035214
2035323
2035353
203554
2036239
2036324
2037233
2037696
203801
2038494
2039
2042021
2042388
2043205
2044805
2045003
2045156
2045436
2045938
20468
20483
2048432
2048708
2048820
2049913
2049916
204
2050063
2050325
20514
2052343
205236
2053078
2053166
2054120
205476
205495
205516
205536
205553
205685
205692
2057076
2057255
2057700
2058283
205908
2060750
2061249
2061273
2062767
2063050
2063096
2063151
2065139
2065247
2066274
206759
2068917
2068
206989
2070136
2070160
2070393
2070591
2071531
2071822
2072177
207217
2073211
2074403
2074820
2074901
2075072
207537
2075421
2075991
2076314
207687
2077952
207922
2079603
207962
2079957
2080778
208153
208160
2081850
208194
2082283
2084585
2084868
208499
2085097
208525
2085592
20861
2086382
2086582
2087351
2088777
2088822
2089190
208945
2089493
2090024
20902
2090637
2091076
209279
2093281
209345
209355
2093805
209387
209388
2093940
2094048
209417
20941
209428
209447
209516
2096014
2096877
2097073
209809
210233
2102402
210243
2102656
2103141
2103886
2104034
2104341
2104712
2105718
2106429
2106529
2106558
2106571
2106729
2107106
210812
210869
2109342
2110102
2110306
2111605
2111
2112202
2112346
2112827
211289
21149
2115243
2115750
2116373
2117765
2118588
2119828
2120471
2120930
21209
2121065
2121186
212123
212152
2121774
2122491
21225
21227
212300
2123368
21233
212365
2124858
2124862
21248
2124925
21254
2125833
2126400
2127249
2127506
212767
2129624
21300
2130150
2130415
2130573
213226
2132787
2133122
2133809
2133959
2134286
2134850
2135579
21355
2136096
213630
2136558
213659
2137140
2137159
21376
213782
213932
2139477
2139512
2139568
2139611
2140006
2140235
21413
2141703
2142083
2142838
2143583
2144444
2144835
2145424
2145680
2145763
2145837
2146596
2146672
2147714
2148618
21490
2149468
2149820
214994
2150336
215061
2150636
2150980
21513
215384
2153964
21540
21542
21549
2155950
215638
21565
215695
215818
215908
215951
216032
21643
216486
216897
2169244
2171587
2173228
2173304
217392
21757
217679
2179439
21794
218108
218253
218368
218691
218924
218981
219120
2192448
21969
2199668
22008
22020
220315
22055
22060
220655
220
22106
221130
221169
221526
2215626
22179
22187
2219932
222127
222145
22270
22285
22286
222995
22314
2231
223213
223214
2233357
22333
2234421
2234659
223471
2234881
2236266
223685
2237143
223757
22377
2237899
223793
223799
2238209
223828
2238416
223875
223924
223934
2239774
2239806
2239835
2240363
22407
2242168
2242170
224290
2243167
224316
22436
22437
224385
224429
224468
224518
2245219
2245684
2245903
2245969
2246502
2246867
224730
224741
224781
224817
2249691
224995
2250300
2250389
2251097
2251327
225181
2251969
225271
2253861
2254264
225461
2254727
225472
2254819
22550
225545
22560
22573
2257804
2258005
22582
225836
2259377
2260583
2261599
2261905
2262037
226363
2264305
2265134
2265414
2265934
2265978
2266977
226740
2269497
226984
22706
227075
227084
227179
2272037
227203
2273033
2273232
2273452
227397
2274124
2274255
2275364
2275404
227572
2276553
2278001
2278700
2278712
2278758
2279145
2279617
22796
22808
228117
2284129
228447
2285467
2285629
22860
2286252
228672
228905
2289338
229044
2291032
2291254
22912
2291536
2291729
2293186
2293955
2294093
22941
2294670
2294764
2295382
2295806
2297925
2300165
2300382
2300758
2301311
23015
2304257
2304770
2305048
230597
230605
230702
230706
230797
2308921
2309762
23103
231098
2311079
231138
2311866
231265
231319
231322
23135
23140
2314183
2314479
2314642
231498
2315947
231720
23175
2317858
231975
23207
2321046
2321069
2322050
2322422
232281
23234
23251
2326213
2326767
2327834
23279
23285
2329805
2330223
2330453
2332759
2334592
2334845
233495
2335817
2336743
2336
2337124
233797
2338169
2338174
233821
2338977
2339233
2339317
23402
2341644
234202
2343046
2344004
2344644
2344828
2345184
2345539
234654
2347236
234839
23483
234890
2349045
2349264
235047
2350604
235124
235140
235147
2351890
2352289
2355286
2356416
2356515
23567
2356
2357381
23574
2359012
2359926
2360870
236103
236108
2361213
2361804
236262
236271
2362742
2363056
2363323
236380
2363957
236475
236488
2364922
2365368
2368176
236843
2369023
2369486
2369729
23701
2370913
2371039
2372033
2372528
2372604
2372762
237314
2374344
237484
2374893
237557
2375749
2376237
2376685
2378383
2378518
2378600
2378649
23787
23790
2379131
2379284
2379327
2379742
2379
2380225
2381607
2381996
2382738
2383266
2383629
23866
2388782
2389496
2390416
2390687
2390691
2391977
2392902
2393303
2394309
2394597
239595
2395968
239625
2396704
2396841
2397006
2397106
239755
2398298
2398346
2398368
239868
2398744
239940
240077
2402414
2403425
240374
2404059
2404707
2405071
240536
2405397
240603
2406601
2407407
2407461
2407597
2407616
2407649
2407742
2407904
2408274
2408397
24086
2408783
2409077
2410056
2411244
2412275
2412807
2412882
2413351
2413743
2413987
2414134
241493
2414
2416090
241724
2418111
2418228
241844
2419231
2419370
2419675
242018
24201
2420611
2420627
2420629
242113
2421175
242143
242166
2422005
242314
2424882
242519
242532
2425382
2425462
2425691
2426034
2426669
242667
2426801
2427365
2427
24281
2429096
2429907
2430053
2430103
2430184
2430892
2431558
2431813
2432182
2433403
243347
2433717
2433837
2434068
2434378
2435248
2435326
243548
2435892
243649
243715
2437272
2437379
243794
2438248
2439514
2439592
244040
2441634
244190
244206
244250
2442806
2443614
2444306
2444643
2444651
2444683
2445196
2445218
244551
2445764
2445890
2447133
2447481
2448319
2451213
2454652
2455849
2456256
2456666
2457456
2457651
245789
2458410
245844
2458775
2458809
2458883
2459316
2459592
2459708
245987
2460163
246037
24605
2461128
2461497
2461744
24622
24626
2463221
246452
24646
246580
2466168
2467020
246704
246715
2467413
2467912
2467929
246936
2470170
2470285
2470387
2470431
2470882
247245
2473579
247375
2474841
2474923
2474964
2475039
247504
2475164
2475202
2475601
2475749
247615
2477027
2477889
24802
2481008
2481625
248246
2483037
2483271
2484695
2484711
2484911
2485145
2485565
2485604
2486640
2486879
2486903
248718
2487686
24879
2488176
2488663
24890
248917
2489424
2489471
2489784
2490054
2490116
2490404
2490433
2490551
2490555
2490798
249082
2491250
2491779
249568
2495773
2495863
2496272
24971
2497208
2497862
2498032
2499007
249904
2499114
2499383
250014
250020
25003
2500466
2500662
2500955
2501522
2501565
2501608
2502323
2502398
2503689
2504461
2505268
2505790
2506325
25073
250836
2509342
2509421
2509798
2510697
2510764
2511024
2511286
2511340
2512921
2513465
2513499
2513530
2513999
251415
2515791
2516365
2516488
2516863
2516948
251707
2517316
2517695
2517761
2518113
2518208
251911
252032
2520462
25210
2521406
2521721
252349
2523847
2524184
252483
252505
25256
252586
252600
252610
2526895
252862
2529005
252900
252953
2530390
253130
253277
253332
253354
253396
253574
2536269
253662
253848
253909
253920
253943
254179
2542132
2542307
2542416
2542441
254285
25433
254373
254383
2544243
254517
2545341
2545608
2547623
2547718
254798
254803
25482
2549849
255049
2550531
255057
2550753
2551950
2552087
2552693
2553220
2553636
255398
255401
255506
25552
2555359
2555505
2555630
2555696
2556014
2556028
255631
25565
25572
2557870
2559081
25591
2560607
2561258
256216
256262
2563223
2564482
2564745
256474
2564810
25650
2565855
25694
2569798
2569806
2570348
257067
2570918
2571644
2571857
257268
257274
257319
2573360
257348
2573564
2575240
257600
2576314
257747
2578441
257845
257853
2579150
257928
257977
2581664
258166
258216
2583026
258303
258405
2585403
258568
25857
258681
258707
258924
25895
2589943
259036
25906
259097
2594112
259415
259480
2595146
2596501
2596830
2596849
259707
2597708
2597778
2597826
2599164
2600258
2600445
260257
260324
260474
260589
260606
260608
260612
2607541
2607911
2608181
2608305
260850
2608779
2609397
2609446
261092
2611218
261278
2615325
2615411
261585
261634
2616522
2616843
2617829
2618060
2618396
2618736
261937
2620884
2620924
2621037
2621591
2621879
2622092
2622114
2622298
2622469
2624729
262642
2627436
262793
2628003
2629055
2630574
26305
263072
263125
263321
2634199
2634225
2634609
26350
2635211
263566
263679
263712
2638359
2638488
264000
264151
264274
2643668
2644113
2644835
264513
264542
2645611
2645634
264581
2646353
264722
264761
2647868
264819
2649548
264960
265126
265262
2652664
265281
26534
2653615
2653773
2653864
265436
26545
2654838
2655139
2655392
26553
26565
2656728
265858
265883
265946
2659891
265999
266024
266031
266074
2661211
2661310
266188
2662804
2662918
26631
26637
266394
2664781
2666285
2667641
26681
26757
2675854
2676451
26766
26769
26771
26772
2679234
2679414
2681540
2682239
268344
2683509
2684079
2684621
2685325
2691677
26937
26949
269603
269785
2699069
27031
2705350
270718
270958
271033
2711
271319
2713671
2714781
271494
271552
271562
271733
271852
272447
27247
272657
272664
2727885
272905
272986
27305
273182
27325
273579
273717
2737212
27394
274294
274610
274773
2748020
2749192
2749197
2750543
27506
27517
275232
2752988
2754481
2754706
2754962
2755230
275573
2756050
275633
275640
275683
2756923
2756954
275714
2758039
2758124
2759173
2759746
2760345
2761303
2762665
2762816
276308
2764404
2764925
276524
2765429
276552
27659
2766793
2766872
276844
27707
2771262
2772341
2773078
2774150
2776761
2777
2778787
2779361
2779497
2779754
278044
2780921
278116
2781454
27814
278229
278232
2784292
2784526
27847
2784864
2785238
2785759
278580
2785897
2786282
27872
2787451
278925
278934
27905
2791075
2791590
2792533
27928
2793371
2793899
2794229
279507
2795563
2796199
2797221
2797240
279755
2797
279807
2800963
28021
280283
2805247
2805684
2805795
2805979
2806000
2806993
2807151
280774
2808599
280890
2809526
2810290
2811417
2811585
281296
2813149
28131
2813713
2814353
2818057
2818161
2818494
28194
28195
2820837
28212
2821451
28217
2822040
2822182
282232
2823020
2823318
2823385
2823836
2824635
2824637
2824791
28250
2827378
282947
2830357
2830
28313
28315
283184
2832745
2835006
2836484
2836907
2838404
2839197
2840074
284164
2842524
284257
2844325
2844578
2845086
2845494
2845902
2846376
2846807
2846889
2847008
2847361
2847823
2851976
285323
2853464
2854722
285481
28556
2855959
2857955
2859567
2859585
2859638
2859708
285983
2859910
2860259
286041
2860630
2861426
286157
2861661
28617
2861859
286201
286525
28655
2865
286649
2868017
2869364
2870065
2871010
287153
28729
2873587
2873659
2874005
2875186
2875248
2875259
2875329
2875346
28755
2879438
2879550
2881524
2881759
2881842
2882312
2882325
28839
2884308
28850
28852
2885378
2885517
2885916
2886516
288732
2887816
2888059
2888322
288844
28893
2889603
289031
28922
289262
289338
2893820
28948
2895093
2895423
2897235
2899240
2900710
290119
2901454
2901869
2902040
2902154
2902257
2902628
2903490
290475
2905883
290621
2906596
2908566
290916
2910337
2910461
2910839
2910999
2911260
29118
29128
2913598
2913654
2914038
2914314
2914427
291501
29156
291653
291676
2916
29170
2919244
2919295
291959
2920194
29218
292195
2923523
2924221
2925
2928486
2929606
29321
293231
29329
2933823
29341
29345
2935805
2935889
2936143
2937886
2938696
293943
293981
2940477
2941009
294138
2941751
294260
2943685
294443
2944915
2945457
294645
294791
2951187
2951770
2951773
295263
2953193
2953362
2954269
2954505
2955453
2955734
2955938
29563
2958000
2958305
2958338
2958876
295911
2959203
295970
2960929
29625
29633
2963495
2963541
2964906
2966298
2966333
296648
2967866
2968021
2968563
2970173
297116
2971609
29735
297394
2975128
2976
2977563
2978784
2978844
29793
2979561
297994
2980154
2981939
2984745
2984
2985469
29859
2986779
29885
2989097
2991463
2992463
29924
299349
2993673
2994215
29947
2996131
2999104
3000797
3001541
300169
300293
3003082
300346
3003605
3004389
30052
30065
3008349
3009221
3009610
300974
3010525
3010724
3010777
3010821
301232
3012766
3012925
301430
30157
301649
301713
3017337
3018039
3018191
3018228
30183
3018845
3018853
3019583
3021356
3022390
30227
30237
3023884
3023959
30242
3024511
3024952
302662
30266
302717
3028741
3029661
30298
303150
3032889
3033719
3033737
3033985
3034032
303620
303622
3036300
30366
3037297
3037320
30375
3038326
3039087
304126
304285
3044009
3045131
3045595
3046980
3047519
3048095
3049029
3049042
304943
30495
3050236
30508
3051734
3051773
305213
3052351
3052395
3052589
305426
305497
3055332
305549
30555
305664
305714
305742
3058263
305833
3058850
305902
305910
3059879
3060324
3060591
3061377
3062535
3063085
306441
306483
30661
306762
3067974
3068869
3070047
307192
3072144
3072290
307310
3073286
3073744
3074349
307474
3075020
307557
3078547
3078573
3078793
307944
30813
3082974
3083940
3084137
3085153
3085223
3086169
308668
3087600
3088318
3089279
3090620
3090970
3091716
3091862
3092136
3092818
3093877
309399
309441
309549
3096400
3096653
3097150
3097301
3099180
3099659
3100309
3100
3101835
3101984
310686
31068
31081
31089
3113168
31159
31199
3120031
3124140
31257
312732
31283
3128780
312887
3129853
313012
313034
313092
31313
313427
313469
313472
31364
313672
313782
313795
3139499
314054
314060
314117
314183
314345
314691
315678
315696
315872
315875
3162706
31629
31643
3164468
316576
3170
3172083
317344
3174064
3176055
31775
31795
318244
318414
318464
319018
319092
31917
319234
319391
31948
319616
3196242
319748
319812
31982
319950
32003
32010
320209
32041
320467
320516
3206733
320836
32085
320961
321381
321647
3218103
32186
322556
3227
32288
32344
32351
32353
323745
323769
3238
3241729
324209
3242828
32431
324410
3245195
324647
3246530
324958
3251
325221
325277
325301
325449
325483
3256178
325823
325841
32585
325961
325
326363
32637
32641
326453
3266859
326770
327037
3271154
3271830
32728
32733
3275202
3275892
327642
3277
3278346
3279583
3281309
3281577
32818
3282445
3282474
3283868
3284096
328613
3287159
3287860
3288413
3290501
3291680
3292026
3292919
3292996
3293752
3293820
3293984
32951
329566
3297004
32979
329855
32990
33003
3302150
3303642
3305429
330592
3306040
3306055
3306304
3306517
330686
3306962
33070
3307289
3307290
3308892
33091
3309534
3311088
3311128
3311196
3311300
3311481
3311498
3311602
331166
331188
331223
3312775
331390
33144
331473
3314782
33147
3314855
3315812
331645
3316824
3316953
3317250
3317675
3319905
332161
3322625
33233
33249
332506
3325890
3325
332606
332654
3328478
332885
332907
3329528
3329
3330421
3331020
3331939
3332180
3332842
3337120
333946
33399
33405
3340627
3340883
3340897
3340935
33425
3342645
3342855
334415
334418
3344606
3344883
334536
3345497
3345825
3345871
33467
33471
334778
334785
33482
33495
3350019
335017
3350364
3350841
335154
3351662
33534
335385
3354748
3354854
335540
335579
3355807
335585
33559
3356342
3356594
3356783
3357586
335778
3360089
33611
3361973
336211
3362226
336246
3363137
3363391
3364335
3364545
3364955
336541
3366048
3366225
3366425
3366519
336659
3366909
3367115
3367173
3367214
3368475
3368703
3368960
3369080
33691
3369460
336955
336960
3369741
3369852
337002
33709
337147
3372295
3373429
3373663
3374388
33752
3375544
3376294
3376820
337708
337733
3377455
337888
3378894
3379969
338257
3382899
3383333
33833
338356
33841
33847
3385152
338567
3387540
3388
338937
3389632
338981
3390071
3390435
3391898
3393259
3393888
3394790
3395798
3396980
3397030
3397354
3397808
3397934
340139
34013
340159
3402202
34026
3402994
340337
3405930
3405
3409220
3409358
3409893
3410969
3411202
341127
3411474
3411582
3411851
3412624
3413482
3414321
341539
3416284
34172
341910
3419631
3419825
3419826
3420071
3420485
342156
3421767
342232
342265
34232
3423619
3424237
3424705
3425189
3425930
3425
3426307
3426
3428012
3428310
3430516
343073
343113
3431293
3431514
3431515
3432602
3433293
3434337
3435138
3435485
3436234
343778
343790
343910
3439474
344193
344291
3443031
3443731
3445531
3445753
344586
3447561
3448601
345108
345176
345201
345217
3452473
345273
3454283
345529
3455514
34559
3456115
3456292
345759
34579
345832
34587
3459331
346040
3461224
3461934
346232
3463127
3464072
3464138
34653
3465576
346646
3467318
346986
3470976
3471491
3472136
3472597
3472833
3473828
3473980
3476340
3477891
3477921
3478193
34789
3479244
3480134
3480444
3482436
348357
3484193
3484337
348541
3488534
348927
3490633
3490924
3491129
3491226
3491502
34931
3493539
3494015
3495438
3495483
349556
3496831
3498581
3499007
3501179
350274
3503272
35036
3503814
350458
3504703
350488
3505308
35069
3507396
350803
3511355
351273
3512874
351339
3513623
351462
351516
3515
3516385
351660
3517153
351729
3517473
3518915
3519950
3520353
3520377
3520795
352086
3521705
3522177
3522418
3523251
352425
3524456
352513
3527854
3529630
3529692
3530458
3531
3532146
35329
353492
3536272
35363
3538395
3538526
3539789
353995
354105
3542210
3542233
3542894
3543470
354386
3543998
3545688
354621
3546350
3546503
3546508
3546590
3547297
3547541
354771
3548462
3548972
354917
3549488
3549640
3550040
3550130
3550151
3550414
3550550
355211
3552685
3553285
355419
3554351
3554726
3556300
3557235
3557351
3557431
3557733
355937
3559948
35610
3561246
3561286
3561349
3561650
3563851
356388
356472
356566
3566810
3567974
356960
3570152
357060
3570996
3571234
357151
3572430
357289
3573258
3573306
357332
3573972
3574671
357541
357616
3576510
3576
3577080
3577147
3579381
3579493
3580609
3580804
3580986
35830
35831
358358
358454
35868
358733
358748
358798
358845
35889
358910
3589469
35900
3594473
359590
359629
3597091
359750
35996
359980
36011
36013
36018
360317
3605885
360905
360957
360958
3609
361334
361427
36150
3615
361894
361979
3619813
362285
3623381
3629202
363048
363071
36357
3637016
3637
3638485
364079
3644462
364849
365184
36534
3656418
365742
365937
36597
366345
36640
36705
367065
367543
3677478
36809
3682519
368431
36874
36894
36895
369321
369704
369812
36996
370110
370188
370232
3708991
3711648
3713063
37138
3714210
37142
37148
371503
3715
371829
3719898
372062
372284
372341
3723726
37245
372634
3727854
3728814
3728917
3729093
3730638
373211
373225
373380
373494
3735257
3735779
3736794
3737770
373829
373913
3739676
3739713
374095
3741273
3741563
374168
3742544
3743105
3743466
3744628
3744644
374584
3746713
3747271
374750
3749099
3750059
3750495
3750566
3752350
37523
375312
3753234
375379
3754995
375573
3756470
3757364
375761
375851
375937
3761071
3761623
3762725
376363
376370
376402
376524
376550
3767466
3767896
3768630
3770781
37708
3771172
377191
37727
3772914
3773523
3774040
3774531
3775738
3777265
3777859
3777895
37779
3779695
3780593
3780713
37810
37815
3781646
3782149
3782461
3784188
3784610
3785140
3787432
37879
3789072
3789411
3792368
3792446
3792557
379345
3794863
3795929
3795967
3796146
3798057
3798383
379851
3798837
3800263
380032
380148
3803979
3805419
38055
3805736
3806153
380667
380679
38069
3807197
3807652
3807748
3807949
3808554
3808602
38088
3809240
38095
3811270
3812657
3813367
3813594
3814413
381530
3815450
38156
381747
381752
381756
3819623
3819674
3820201
3821631
3822
3823282
3824180
3825181
3825476
38259
38264
3826791
3828305
3828373
382860
38305
383140
383268
3833060
3833752
3834033
3834870
3834951
3836517
38367
383963
3839997
3840557
3840698
3841122
3841766
38419
3842889
3843119
3843903
3845067
3845327
38462
384633
3847228
3848085
3848843
3849336
3849995
3850200
3852186
3854181
3854286
38548
385509
3855995
3856107
3856669
385681
385720
38623
3862652
386372
3865151
3865832
3867094
3867275
3867618
386825
3869201
3871360
38728
3873078
3876093
387614
38761
387657
3877379
3877977
3877999
3880016
3880965
3881051
3881200
3881385
3881391
3881877
388207
3882199
3882556
388268
3883432
388578
3886034
3886132
38866
3890325
3891406
3893478
3893678
389435
3895424
38957
389692
3896934
3897402
3897545
3897646
3898962
390023
390030
390055
3900673
390172
3903311
3903612
390395
3903989
3904031
3905132
3905334
390646
39071
3907942
3908037
3908038
3908635
3908644
3909266
390934
391037
391147
391223
391372
39138
3914960
391605
3916425
39176
391958
3919
3920428
3920606
39208
392260
392300
3924390
3925179
392602
3926445
3926628
3926673
3926739
3926
3927771
3928452
3929411
392989
3930121
393037
3930609
39309
393140
39318
3934697
3936537
393745
3938312
3938
3939391
393989
394008
39409
394144
394222
394247
3942877
3943149
394328
3943870
3944871
394508
3945331
3945593
3945987
3948036
3949459
394982
3950149
3950152
395058
3950624
3951065
395106
3951651
3952259
3952297
3953401
3954724
395501
3955123
3955334
3956272
3957221
39575
3957642
3957681
395779
3958911
396097
3961287
3961440
3961766
39629
3963692
3963967
3964024
396464
3964966
396847
3968502
396932
3969509
3969799
396
3970889
3971409
397141
397209
3974342
3975599
3976043
3976547
3976791
3976893
397693
3977177
3977521
3978741
397894
3981133
3983143
3983396
3984852
398543
398545
3986991
39869
3987452
3987491
3987933
3988011
3988186
3988444
39886
3989151
3991083
3991551
3991781
3993369
3993934
399444
3994819
399499
399504
3995073
3997565
3997862
399791
3997
3998533
3998604
3999840
399
3
4000218
400026
4000390
4000697
4001437
4001576
4001747
400335
4003742
4004487
4004497
4007666
40083
40087
4008982
400
4010477
4010744
4010754
4010804
40108
4011245
401174
4012650
4013282
40134
4015539
4015694
4017594
4017878
401831
401863
4018790
401952
4020322
4020845
402149
40216
40226
4022806
402483
402666
4029369
4030
403351
40352
404123
404337
40445
4045256
4049
405051
40542
405477
405479
405570
405648
405690
405877
406024
4062479
406275
4063772
40638
40673
406806
40697
4070560
4071219
407121
4078741
4078
40821
408239
408781
408948
409132
40917
4093251
40972
4098918
410183
410316
411093
4115599
41167
411924
411995
41209
412139
4124568
412479
412489
41284
4129445
41298
4132228
41325
41327
413458
41346
413512
4137636
414132
41464
415055
4155914
4155
4156026
4156330
4157259
4157335
415854
4159057
4160839
4160916
4161306
4162927
41631
4164537
416684
4168142
4168201
41685
416865
41692
416995
4170419
4170427
417122
4171279
4171466
4172068
4172551
4173594
417443
4174473
4174775
4177528
417801
417819
417893
4179667
4180928
418161
418233
418314
4184161
4184304
4184402
418457
4184748
4186246
4186574
41867
4186808
4187390
419048
419087
4192564
4192713
4192999
4193155
4194125
41962
41967
41972
4197580
4197683
41976
4198974
42001
42012
4201914
4204719
4205041
4205123
4206303
4206423
4206582
4207513
4207842
4208069
4208514
4209749
42099
42118
4212130
4212506
4213037
4213262
4213390
42137
4218409
422085
42216
4222110
422542
422671
4227826
4230974
4230986
4231081
423234
4232866
4233285
42333
4233406
4234953
4235373
423578
4235814
4236404
42365
4236980
42373
4237551
4237931
4238423
4238596
423976
423997
424158
4241767
4241922
4241949
4242336
4244025
4244382
4244705
4245232
4245377
424620
4246271
4246648
4247065
4247171
4250295
425186
4252454
425263
4253121
4253729
4253866
4255440
4256417
4256945
4257155
4257221
4257302
4258050
4258617
4258853
4259274
4260210
426057
4260614
426084
4262075
4262089
4262155
4262740
426402
4264759
4264833
426504
4265687
4267389
4267472
42678
4268442
4271015
4272012
4272287
4272992
427492
427553
4276784
4277034
4277157
4277555
4278
4280829
4281991
42820
4282201
4283365
4284066
428412
4286954
4288535
428863
4289569
429027
42904
4290706
4292607
4294801
429544
4296055
4296440
4296826
4297448
4297
42985
4298726
429986
4301038
4301737
4301815
4302322
4303000
4303192
4303269
4303660
430660
4307232
430781
4308397
4308409
4308675
4309367
4310301
4310637
43138
43140
4314281
4314376
431460
4314856
4315334
4315931
4316140
4316
43170
431773
4318211
4319115
4319194
431924
4319797
4320079
4320
4321869
4322797
4322867
432362
4326169
4326817
4326924
4327109
4327224
432751
43275
4328519
4328
4329071
432919
4329
43300
4331442
4331573
4332313
4332794
433500
43366
4338216
433855
43400
4340382
4341629
434162
4341642
434211
434280
4344180
4344710
4345476
4347172
434925
434984
4350185
4351375
4352133
4352568
4352767
4352937
4353271
4353687
43537
435455
43560
4356
4357154
435725
435791
4358335
4358851
436048
4360865
4361011
4361647
4361928
436461
43659
4366528
4367359
436808
436907
4370160
437175
4372397
4372580
4372607
4373038
4373273
4374433
4375383
437564
4375889
437671
4377041
4377968
438000
4380400
438109
438148
438175
4387620
4387694
4388155
4388281
4388594
4388678
4388855
4389653
439349
4394
439726
4397323
4397399
4399271
4399388
4399678
4399691
4400187
4400509
4402651
44034
4403581
4403626
4404017
4404683
4404
4405529
4405812
440680
44071
4408106
4408154
4409859
441072
4412576
4413430
4413840
441396
4414018
4414233
4414781
4415013
4415830
4415977
441651
4416893
4417303
441732
441750
441867
441916
44191
44209
4421414
4421876
4421990
44220
44222
4422
4423749
442421
4424737
4425794
4427643
4427858
4427867
442792
442933
442971
4430765
4431060
4432033
4432673
4433409
443351
4433718
4433851
4434231
4435705
4435800
443731
443827
4439460
4439748
444117
4442228
4442784
444296
4442
444342
4443673
4443772
4443916
4443950
4444978
444592
444650
4446822
44479
4448345
4451088
4452790
4452791
4452854
4454230
4454371
4457077
445712
4457203
4457395
4457859
44586
445908
445977
4462280
4462428
44625
44626
4463329
4464289
446459
4464888
4466014
4466265
4466633
446675
4466815
4466953
4467044
4467125
4467139
4467540
446775
4467805
4468081
4468138
4468681
4469052
447187
4472785
44739
44748
448017
448027
4482
448561
448816
449064
449437
449513
449692
450180
45029
450477
450542
450804
45092
45135
451360
4513623
45190
452259
452413
45247
452637
45308
453195
4532957
45329
45348
453506
453547
4537
453878
453934
45410
454294
4546195
454785
454888
45489
455021
455240
455334
455405
455435
455917
45642
45667
456855
456917
457078
45722
457943
45794
458253
45828
4584805
458613
458662
45886
4589
459123
4594586
4594
45957
459673
45976
459799
45979
459864
46008
460103
46016
460261
460264
460495
46085
4613065
4614179
46163
4616698
461691
4617915
4620090
46200
4620392
462052
4620877
462174
4622325
46234
462668
4627190
4629099
4629857
4630386
4630987
463146
4632160
4632275
4632844
463337
4633409
4633763
463438
4634535
4635203
4635368
4636939
463703
463727
4637585
46385
4638
4640364
4640446
4640523
4642454
4642920
4643077
46442
4645114
4645391
46454
4645774
464769
4647974
4648227
46483
464951
4649
4650241
465266
4652791
4654908
4655418
465576
465852
465858
466009
466080
4660851
466299
466461
4665488
4666490
4667846
4668619
46695
4670672
4671117
4671164
4672217
4672962
467433
4674370
4674458
4674756
4675002
4675188
467543
4675543
4675946
4676033
4680451
4680959
4681364
4681657
4681915
4682133
46835
46837
4684826
4685535
468819
468887
468967
469065
469154
469167
4693125
4693270
469339
4694080
46940
4694677
46957
4696071
4696225
4696545
470021
4700601
4700728
4701367
47013
47023
47025
4704188
4705094
4705206
4705511
470708
470813
4708569
470880
4709
4710192
4710270
4710303
4710495
4710572
4710598
4711624
4711712
4713110
471337
4713473
4713583
4716902
4716
471740
4718303
4718683
4719620
472006
4720952
472231
4722436
472346
4724617
4724658
4724834
4726943
4727521
47284
4730421
4731259
47318
47324
4734965
47360
473702
4737312
4737659
4739485
4739531
474182
4741861
4742754
4743650
4743995
4744270
4744326
4744952
4745072
4746707
474878
47489
4749702
475113
4752051
4753007
47542
47553
47569
4757921
4758037
4758314
4758502
47597
4762027
4763359
476447
4766664
4766931
4767168
476782
4768563
4770486
477060
4771700
4771760
4772083
4772451
4772538
4772669
4772889
4774304
477461
4774640
477664
4778426
4778810
4779030
477907
4779328
4779949
478019
478164
478195
478256
4782692
4783741
4783827
4783
4789345
4789688
4791686
4791933
4792365
4792766
4793334
4793432
4794416
479446
479449
4796981
479850
4800424
4802055
4802522
4803360
480406
4804643
4805968
4806
4807762
4807921
480794
480808
48098
4810949
4811455
481355
48138
4815982
48159
4816159
4816782
4817798
4817916
4819241
481983
4820676
482092
4821816
4822408
4823283
4823591
4824893
4825074
4827058
4830957
4832417
4833657
4834
483525
483612
483734
48400
4841537
4841648
484354
484377
484392
4844626
4845094
4845727
48457
4846554
4850466
4852849
4856493
4856509
485874
4859663
4862814
486374
4864850
486538
48664
48671
486850
4869171
4869745
4870126
4870306
48704
487498
4876119
4876388
4876637
4876901
4877400
4878522
4879635
487
4882254
488553
4886473
488652
48906
4890922
4891364
489324
48939
4895035
489583
4896115
48970
4897225
489907
49013
490177
4902200
4904849
49053
4905496
4905888
490689
4907213
4907746
49078
4908510
490928
490952
4909542
4910677
4912103
4912410
4912621
491573
4916676
4917002
4917799
4917808
4917848
4918628
4918702
4918917
4918971
4920640
4920672
4922322
49229
49232
4928486
4931004
493144
4931851
493322
49332
4934203
493462
493528
4941370
4941737
4943242
494684
49476
494873
494999
495093
495145
495416
495433
49544
496121
49635
49653
4965758
4968921
49707
497571
497932
498149
498170
49855
499369
499386
49967
500339
50054
50058
500687
500785
50089
50094
501216
501403
50143
50152
501736
501819
5023937
50243
502706
502888
502893
503319
503357
50338
503505
5049410
50506
505287
505415
50689
50745
50763
50776
508251
5093362
5093399
509435
509468
5094813
5095545
5095640
5095771
5097027
5097692
5097717
5098258
5098971
5099335
5102684
5103225
5103400
5105290
5105300
5105313
5106972
5107106
5107202
5108653
5109857
5110563
5110621
5110737
5110844
5113476
5114001
5115500
5115699
511668
5117092
5118078
511887
5120265
5121349
512158
5121663
5121801
5122052
5122758
51233
5124060
51240
5124296
5125271
5125575
5125868
5126228
5126795
5127335
512804
5128145
5128508
5128936
5130705
5132460
51329
5134086
5134627
5135201
5136120
51368
5138263
5138894
5138902
5139305
5140451
5140684
5141744
514248
51425
5146517
5146725
5147464
5147777
5148039
5148279
514828
5148362
5148382
5149045
5149046
5149945
5150527
5150992
5151648
5151885
5152218
5152440
5152527
5155507
5155839
5155955
5156342
5156627
5156914
515755
5157668
5158622
5158852
5159632
5160303
5160314
5161778
5162858
5163069
516367
5163946
516537
516638
5166483
5166598
5169047
5169887
5172528
5174830
5175130
5175171
5175803
5176695
51779
5178579
5179736
5181890
5182097
5184314
5185461
5186097
5186311
518725
5188253
5189977
5191090
5191381
5191965
5192121
5192480
5193253
51932
5193308
5193570
5195413
519599
5196171
5196751
5197603
519775
5198079
5198297
519922
5200729
5203043
5203720
5203798
5204229
5204296
5204526
52048
5206678
5206727
5206849
5207038
5207154
5207455
5207526
5208
5209197
5213841
5214482
5215231
5215758
5218062
5218263
5219695
5219879
522053
5220786
5222037
5226002
5226031
5226219
5226687
5227349
5228092
5228117
5228127
5229098
5229297
5230993
5232304
5233941
5234106
5234431
52353
5236341
5236484
5236762
5237611
5239068
5240707
524109
5242039
5242209
524262
5242973
5243113
5245267
5245686
5246304
5246312
5247551
5249548
5250192
5250306
5250
5251351
5251619
5252624
5253171
5253683
5253913
5254210
525459
5254787
5255520
5255835
5256037
525666
525752
5258460
5258897
5259487
5259957
526045
5260696
5261505
5262673
526297
5263304
5263563
5264014
5264073
5264176
5265505
5266064
5268154
526993
5273061
5277453
52778
5280204
528144
5285386
5285659
5287193
52967
52969
5297697
530570
530957
5311906
531643
531927
532188
532219
532257
53300
533207
533909
53481
5357501
5357583
535784
535828
5359967
5359
5360563
5360979
5362094
536242
5366922
5370780
537132
5372930
5374697
5375275
5376557
53781
5380799
538452
5385617
538576
5386012
5386031
5387972
5388221
5388495
5392264
5394
5396055
5396288
5396417
5398454
539934
53996
540000
5400637
5401677
540269
5404091
5404337
5404475
5404517
5404523
5407259
5408049
5409110
5409571
54099
5410607
5412080
5414769
5415216
5417040
5417381
5418261
5418398
5418410
5419394
5419826
5420537
5420957
5421627
5422428
5422432
542248
5423101
5423561
5423580
5423760
5423
5424207
5424327
5424456
5426368
5427156
542769
5428130
5428727
5428792
5429286
5429788
54298
5429917
5430416
54316
5432413
5432485
5433053
5433720
543423
5435134
5435261
5436346
5437231
5437431
5437644
5437731
5437962
5438288
5438556
5439109
5439184
543947
5439499
5439986
5440385
5440624
54424
5443207
54432
544348
5443521
5443
5445126
5445781
5446137
5446708
5447852
54481
5449178
5449880
5451659
5452300
5452367
5452746
5454089
5454102
5455604
5455945
5456522
5456550
5457864
5461505
546150
5462244
546385
5465075
5466787
5467158
5468394
5468711
5469690
5469
5472124
5474312
5475680
5476095
5476435
5477328
547791
5479454
5479599
5479815
5480629
5482412
5482548
5483085
5483274
5483451
5483883
5485572
5486236
5487213
5489866
5490780
5492150
5492293
54942
5494850
5495301
5495429
5496873
549716
54973
5498623
5498806
549
5500046
5500109
5500610
5500962
5502127
550286
5502993
5505820
5506511
55066
5507318
5507562
5509934
5510108
55107
5512436
5512605
5512732
55134
5513847
5515176
5516379
55169
5518600
5518601
5519425
5520951
5521146
5522437
5524164
552707
5527192
552753
552861
552918
552982
5532852
5533759
5533777
5534029
55341
5536407
5536778
5538025
5538656
5538923
554021
554102
5541630
5541823
5541947
5541951
5543028
5543067
5544299
55454
5547
5550322
5550336
5550784
5550840
5551925
555278
555294
5552
55535
555448
55550
5556208
5557174
5557403
5557646
5558637
5558799
5559810
5560086
5560516
55607
5561290
55633
5564233
55650
5566085
55671
5570217
5572003
5572819
557309
5575286
5575526
5576252
55770
557782
5578303
557
5580200
5580675
5581896
55821
5584694
5584747
5585711
5586946
5587022
5588640
5589248
5589439
5590279
5590746
5590801
5591532
5592496
5592855
5592
5593643
5594620
5594770
5596675
5596822
5599388
55997
5601899
5602157
5602837
56030
560344
5604390
5604813
5605347
5605675
5605828
5606191
56069
5608869
5609302
5609372
5609790
56099
5611278
5611606
56128
56129
5613144
5613760
561387
5614526
5615915
5616101
5616481
561651
5617304
5617435
5617907
5618129
5618522
5623292
562743
56289
563176
563269
564019
5641974
56449
564764
565213
56526
565612
5656454
56662
56735
56815
56827
568412
568500
568924
5693162
570427
570500
57057
57064
57106
571557
57166
571722
57215
57222
572563
572751
5728
57303
573395
573522
5735
57362
573942
57429
575196
57619
57735
57738
57785
57794
578231
57923
579549
5795
57969
5798
5803
581139
581174
5811
5812
581336
58199
5820
582214
582310
58251
582786
5827
583350
5835
58409
585082
5851
5852
58570
585871
58604
58682
58713
58727
587876
58795
58884
588855
58929
589361
59051
590913
591535
59175
591845
591866
5918
591
592560
593182
59328
59329
59354
593740
594118
5945
594780
5948
595019
595064
595469
59558
595644
597593
5979
59868
598806
59881
59912
599608
599631
599698
600244
601238
601312
601476
602670
60450
60462
60468
60501
6053
60626
60671
606
607074
607233
60756
608238
608738
609117
6095
61031
610419
61044
610688
610923
61274
61321
61376
613950
614101
614204
614379
614424
61491
61537
61588
615989
616409
6173
61764
617668
6189
61923
619674
621247
62129
6216
6217
62238
62275
62297
623051
623371
623554
624477
62565
626670
626
62719
62745
627635
627702
62794
62810
62888
628902
629173
629260
629362
63093
631461
631487
632076
632417
63249
6328
63290
632960
63352
633937
634551
63477
635048
635105
63526
635446
6358
635986
636822
63698
63724
637500
63751
637627
638279
638625
638779
639018
639045
639843
6399
641187
64123
641843
642059
6422
64329
64347
64360
64369
64388
643
6440
64472
64540
64558
64585
646714
647625
647711
64840
648481
648967
650054
65028
65035
650392
650885
65158
651646
65204
65228
65299
65413
65460
65476
65480
65509
655232
655665
65567
65612
65647
65666
65699
65703
65790
658008
65801
658056
65878
66027
660681
66078
660911
66114
66135
6613
66162
66164
66174
66220
66232
66263
662884
663180
66367
66418
664479
6644
66463
664721
664978
66598
666993
6676
66985
67018
67050
67052
671128
67160
67170
671743
6724
672977
673409
673502
67416
674706
674863
675041
675455
676658
67694
6782
67836
678719
67921
679919
68018
6806
68237
6826
682761
6827
68332
6836
68376
684115
685236
685420
68595
686221
686909
68718
688568
688610
68866
688
689848
69029
6902
69050
690890
69121
691542
69179
69191
692331
6927
693223
6939
69499
695129
695205
695598
695717
696291
696407
697049
69747
69787
697905
69813
69819
6985
69911
700357
70099
701853
701867
702211
70230
70355
703693
703796
70515
706340
7073
7078
708366
7085
709989
71046
710664
71102
71125
71150
711
712393
712523
712697
7130
714410
71469
715556
715966
716650
71712
717462
7176
717786
71834
71856
718796
71896
719085
71914
719330
71995
71
720060
720538
7205
721857
72192
72289
722978
72362
72386
7238
724347
724541
725102
725135
72517
72537
725912
727430
727597
727822
7287
728943
730812
731376
7321
732235
732239
73240
732686
732873
732999
733903
735078
735116
735254
735529
735693
735896
73601
73615
736213
73622
736271
736328
736789
737554
73761
737627
737859
738858
73910
74020
74093
740969
74168
7416
74225
74263
742671
742720
74296
743
744146
74417
744792
745153
745332
74543
745767
745807
74609
74748
7478
748979
749105
749127
74933
749548
750093
75015
75053
751006
751462
75157
752041
752464
752504
752621
752706
75300
75327
754034
754037
75410
75471
755064
7557
75587
756174
756177
756358
7564
756543
75721
757272
75731
75783
757856
758206
75824
758328
758482
75852
759467
759491
759541
759733
76001
760046
760162
760449
760501
760628
760663
76069
760825
761048
761060
76119
761312
761711
762683
76299
7643
76486
765034
76514
76520
765277
765281
7655
765828
765831
766279
766672
766976
766987
76778
769005
769259
769984
7699
770649
770756
771117
771353
771571
771864
772170
77225
772574
772629
772644
772728
772808
77343
773606
774050
774675
77498
775488
775729
775844
776118
776492
777240
77783
7781
77830
77865
778815
77881
779929
780120
780837
780891
781018
78132
781480
78165
78282
7829
78301
783714
78377
78378
784143
784162
78459
78494
784
785461
785589
786663
788115
788318
788416
78906
78910
789549
7904
791258
791514
79189
792240
792263
79236
7923
792618
79350
7935
793748
793914
7940
79420
795572
79559
79578
79586
79618
796456
796802
79718
798041
798265
799123
79940
7998
79990
800364
800780
80088
801003
80109
801737
801834
802310
802407
802697
803276
803992
804192
804206
804531
805939
806726
807378
808617
810697
81085
810961
81181
812400
813011
81360
813699
813833
814862
815088
815567
816214
81621
816441
816883
817062
81711
817181
817473
81821
818392
81846
818548
81856
818884
819272
81942
819
820245
820311
820510
820621
820885
821196
821506
82161
821870
82209
82312
823174
8232
823
82431
824602
8248
824932
82516
82614
82663
827658
828237
828297
828679
82934
8295
829
82
830109
830256
830327
831380
831687
832106
83266
832716
833087
833134
833420
83378
833806
83394
83443
834907
835041
83506
835489
83581
836030
83607
83633
836614
83712
83775
83778
83854
838691
83877
838902
83894
83961
8398
83
84047
840498
840764
84108
84111
84119
84166
841837
84194
84200
842176
84235
842674
8427
84367
843909
8449
846179
846190
846450
846669
847000
847302
847493
847914
8479
8483
848625
848907
848951
84961
84975
850066
851251
85223
852273
852769
852848
8528
852986
85325
853411
853439
85365
853831
854448
85476
855428
85546
856611
857317
857372
857606
85786
8578
857960
85796
85872
859251
859294
85929
85952
859669
85981
85991
860038
86006
860479
860745
860880
860896
86147
86173
861801
862938
862972
862
86302
86309
863538
864841
865025
86507
86611
866627
86697
867193
867271
867442
868016
869106
869246
869329
86945
86971
870847
8727
873062
873150
87320
873339
873939
87519
875508
87584
876118
8765
87661
877015
87745
877946
878084
87809
8780
87813
87880
879090
879248
879323
879338
87933
879434
879670
879
880531
88067
88071
880797
88135
8814
881538
88186
882828
883279
88399
884585
884690
884804
884862
88553
88643
886
887377
887817
887926
887
888054
88834
888367
88838
88892
88901
88906
889281
88947
88958
889914
88993
8899
89011
890509
890
891332
891359
891476
89155
891835
89188
89245
892980
893694
89426
894966
895224
89565
896085
896890
8973
897926
898000
89803
89867
8998
89996
900072
90072
90076
90097
900995
901813
901872
902121
902274
902287
90242
902846
90284
903034
9034
903612
903834
904150
90431
904451
90465
90470
905024
90524
906170
90618
906314
906787
907240
907264
907506
908610
909316
90933
910060
910093
910107
91012
91014
91127
911418
911761
9121
912745
91323
91449
91576
915780
916057
916818
9168
916902
916979
91721
918321
918540
91868
919482
919828
920389
92080
920848
920988
92146
92236
922981
923
924222
92427
924940
92532
925529
92684
92739
92750
928454
92953
929957
930155
9307
93090
930
931107
93183
933476
933503
9339
9348
93529
935365
93539
9353
935722
935773
9361
93752
9394
9398
940025
940533
94055
940861
941267
941363
94150
941661
942065
9434
943954
94433
944441
944526
9445
944659
944923
9456
945791
9463
94672
94684
9468
94693
947062
947090
947094
9473
947670
948059
948134
9484
94851
949027
94921
94923
949586
95011
9508
951050
95204
9523
952574
952630
952857
953396
95378
95388
954086
954261
954402
955046
955224
95575
955776
955951
956027
956735
956818
957129
95722
957746
957768
957844
957863
95796
958037
958245
9583
958892
959681
9596
95976
959771
960120
960269
960871
96113
96176
961819
961916
962327
96254
962821
962827
963100
963486
964207
9644
964714
96516
965307
96581
966168
96624
968605
968854
968998
969290
969654
970247
970428
97078
970815
971042
97134
972037
972365
972679
97274
97278
97430
974840
97489
974978
975217
975818
976953
9771
978908
9793
9794
98005
980360
9821
98230
984455
984783
984861
984975
985054
985335
98600
98620
986251
986621
986710
986826
987483
987583
988463
990033
99066
99090
991028
992128
992710
992917
992964
993558
99402
994427
994971
9965
99662
998081
999019
999067
3
