3
83
115
204
220
325
396
487
557
591
606
643
688
711
784
819
823
862
879
890
923
1024
1066
1137
1152
1173
1176
1453
1454
1470
1493
1495
1520
1545
1631
1696
1731
1782
1824
1829
1869
1874
1933
2000
2039
2068
2111
2379
2414
2427
2936
3170
3227
3238
3251
3388
3425
3426
3576
3637
3715
3917
3938
3997
4030
4278
4316
4328
4394
4404
4422
4442
4537
4638
4709
4716
4834
5208
5250
5359
5369
5394
5423
5469
5547
5552
5592
5735
5798
5811
5820
5835
5851
5945
5948
6053
6095
6173
6216
6233
6399
6613
6676
6782
6806
6809
6826
6827
6836
6902
6939
7078
7085
7130
7176
7205
7238
7287
7321
7416
7564
7643
7781
7923
7935
8232
8427
8449
8479
8578
8727
8780
8973
8998
9121
9250
9339
9353
9394
9398
9468
9508
9523
9583
9644
9793
9794
9965
10150
10165
10290
10330
10357
10362
10424
10542
10574
10637
10648
10675
10746
10781
10782
10843
10858
10884
10899
10938
10948
10970
10974
11038
11081
11106
11185
11245
11256
11383
11617
11629
11753
11757
11808
11932
11942
11956
11984
12150
12230
12284
12302
12317
12354
12604
12612
12737
12830
13024
13172
13402
13411
13794
13812
13823
13915
13965
14148
14234
14454
14474
14688
14995
15002
15338
15370
15644
15742
15834
15906
16050
16074
16075
16203
16322
16447
16453
16669
16737
16829
16895
17008
17021
17144
17172
17215
17252
17306
17337
17480
17533
17569
17599
17607
17771
17789
17837
17908
18060
18171
18282
18300
18325
18351
18597
18623
18648
18704
18929
19048
19063
19182
19446
19538
19551
19558
19580
19642
19698
19744
19753
19922
19943
20023
20220
20316
20468
20483
20514
20861
20941
21122
21209
21227
21233
21248
21254
21300
21355
21376
21490
21513
21565
21643
21794
22008
22020
22106
22286
22333
22407
22436
22550
22560
22582
22796
22808
22912
22941
23103
23111
23135
23140
23175
23234
23285
23402
23574
23701
23787
24072
24201
24308
24430
24605
24879
25003
25056
25073
25433
25482
25572
25650
25694
25895
25906
25926
26305
26534
26545
26553
26565
26637
26681
26766
26771
26772
26937
27031
27319
27394
27506
27517
27659
27814
27872
27928
28047
28131
28195
28217
28223
28250
28315
28556
28617
28643
28655
28729
28839
28850
28852
28893
28948
29118
29128
29218
29329
29341
29563
29793
29859
29885
29924
29947
30052
30065
30157
30183
30227
30242
30375
30495
30555
30661
30813
31068
31089
31257
31283
31313
31629
31775
31795
32003
32010
32344
32637
32707
32733
32844
32979
33003
33070
33072
33144
33199
33249
33405
33471
33482
33559
33611
33691
33752
33847
34172
34559
34587
34653
34789
34931
35069
35329
35610
35831
35868
35900
35996
36013
36018
36043
36534
36640
36874
36895
36996
37522
37523
37727
37815
37879
38069
38088
38156
38259
38305
38367
38419
38462
38548
38623
38906
39318
39409
39525
39629
39815
39869
39886
40083
40108
40134
40352
40445
40542
40568
40638
40697
40821
40917
41209
41284
41298
41325
41346
41464
41692
41728
41972
42001
42012
42099
42118
42216
42365
42373
42820
42904
42985
43105
43138
43275
43400
43536
43537
43624
43659
43865
44071
44209
44222
44586
44626
44739
45029
45135
45247
45329
45348
45410
45489
45722
45828
45886
45976
45979
46008
46016
46085
46163
46200
46612
46837
46957
47025
47284
47360
47489
47542
47569
47597
48097
48159
48664
48970
49013
49078
49232
49332
49339
49544
49635
49653
49707
49967
50058
50094
50143
50243
50689
51240
51368
51425
51779
51947
52353
52778
52969
53300
53481
53836
53952
53996
54298
54424
54481
54942
55122
55274
55454
55535
55650
55671
55821
55997
56066
56069
56099
56129
56289
56448
56526
56827
57106
57166
57215
57303
57362
57429
57735
57738
57794
57969
58199
58251
58409
58713
58727
59175
59329
59354
59912
60468
60626
61031
61274
61376
61491
61764
62129
62238
62297
62719
62794
62810
62888
63093
63249
63290
63352
63477
63724
63751
64322
64347
64360
64540
64840
65028
65158
65204
65228
65371
65413
65480
65567
65612
65647
65666
65699
65790
65878
66078
66162
66164
66220
66232
66418
66598
66985
67018
67078
67416
67694
68237
68268
68332
68718
68866
69050
69071
69121
69191
69499
69813
69819
70809
71125
71150
71469
71496
71712
71834
71914
71995
71996
72362
72386
73211
73240
73615
73871
74225
74296
74417
74543
74609
74748
74933
75157
75300
75410
75587
75721
75731
75824
75852
75939
76001
76069
76119
76299
76514
76520
76778
77225
77498
77783
77881
78132
78494
78906
79350
79559
79578
79586
79718
79940
79990
81085
81821
81846
82161
82209
82431
82561
82663
82934
83266
83378
83394
83443
83607
83633
83778
83877
83961
84047
84111
84166
84235
84975
85223
85325
85365
85786
85796
85872
85929
85991
86173
86302
86309
86507
86608
86611
86697
87320
87584
87649
87933
88067
88071
88135
88186
88834
88838
88892
88901
88906
88993
89155
89188
89245
89867
89996
90072
90076
90242
90284
90431
90470
90524
90618
90828
91014
91127
91323
91449
91456
91721
91967
92080
92146
92236
92429
92750
93529
94287
94684
94693
94851
95011
95204
95575
95796
96176
96581
96624
97078
97274
98005
98600
98620
99090
99402
100446
100540
100555
100794
101054
101191
101311
101570
101707
101832
101973
102204
102394
102613
102751
103330
103515
103527
103747
103835
103899
104043
104355
104374
104644
104680
105378
105494
105568
105587
105787
105955
105958
105961
105989
106219
106429
106504
106902
106907
107090
107129
107163
107382
107532
107535
107570
107940
107963
108330
108374
108517
108892
109113
109741
109811
110342
110754
111014
111057
111235
111413
111801
111964
111974
112050
112151
112188
112261
112344
112586
113019
113035
113096
113154
113269
113822
114158
114188
114463
114533
114946
115098
115207
115350
115351
115985
116455
116661
116985
117311
117358
117609
117649
117768
117958
118910
119016
119177
120007
120201
120454
120711
120802
121226
121398
121492
121811
122108
122570
122576
123288
123495
123758
123942
124042
124070
124219
124359
124428
124534
124601
124678
124703
124707
124765
125170
125482
125841
125844
125974
126023
126462
126471
126685
126937
127047
127057
127163
127182
127417
127731
127820
127860
127916
128103
128527
128691
128959
129705
130934
131126
131450
131475
131636
131763
132246
132350
132890
132957
132999
133002
133039
133472
133557
133605
133656
133708
133870
133872
134506
134661
134797
135347
135534
135637
135682
136268
136414
137104
137154
137168
137358
137524
138069
138385
138455
138524
139508
139595
140075
140166
140430
140642
140658
140919
141089
141117
141482
141504
141774
142403
142508
142840
142901
143006
143113
143130
143280
144738
144810
144836
145604
145799
146106
146127
146176
147514
147741
147914
148070
148585
148899
149246
149528
149558
149695
150013
151261
151335
151614
152049
152096
152254
152918
153739
154229
154233
154464
154595
154679
154910
155266
155292
155397
155732
155921
156149
156425
156479
156800
157418
157851
157858
158307
158375
158570
158587
159626
159817
160312
160959
161074
161311
161598
161615
161694
161807
161827
162179
162208
162759
162914
163481
163816
164313
164846
164927
165400
165699
166256
166514
166521
167069
167244
167326
167924
168659
168814
169639
169658
170526
170600
171077
171359
171687
172005
172239
172503
172779
173195
173594
174034
174465
175116
175307
175694
175848
176463
176609
177082
177446
177536
177931
178144
178297
178447
178618
178908
179215
179246
180218
180553
180681
180882
181152
181522
181653
182160
182609
182614
183818
184367
184940
185592
185819
185982
186042
186651
186667
187061
187538
187662
188060
188713
188729
189884
190095
190209
190845
191122
192126
192364
192985
193299
193593
193728
193761
193785
194361
194563
194755
195176
196333
196713
196937
197821
199013
199194
199373
199491
199535
199666
199760
201111
201245
202019
202226
202254
202297
202333
202621
203261
203554
203801
205476
205516
205553
205685
206382
207217
207281
207687
207922
207962
208160
208194
209279
209388
209417
209428
209447
210167
210233
210243
212123
212300
212767
213224
213659
213782
213932
215061
215384
215908
215951
216486
216897
217392
218108
218924
218981
219120
220315
220655
221130
221169
221526
222145
222995
223213
223214
223685
223799
223875
224290
224316
224429
224468
224995
225271
225461
225545
226485
226740
227075
227084
227179
227203
227572
228117
228447
229044
230597
230702
230706
231498
231975
233495
233797
234839
235047
235140
235147
236108
236271
236380
236488
236843
237314
237484
239603
239625
240077
240536
240603
241493
242113
242143
242314
242532
242667
243347
243548
243649
244206
245789
245844
245987
246037
246452
246704
246715
246929
247245
247375
247504
248143
248718
248917
249082
249904
250020
252032
252349
252483
252487
252610
252862
252953
253130
253277
253354
253574
253617
253909
253943
254179
254383
254798
254803
255057
255506
255610
257268
257365
257928
258166
258216
258303
258568
258707
258924
259036
259415
259707
260257
260324
260474
260589
260606
260608
260612
261092
261585
261634
261937
262793
263072
263321
263566
264000
264151
264274
264542
264581
264722
264761
264819
265946
265999
266024
266031
266074
266188
266394
269785
270958
271494
271733
271852
272447
272664
272986
273490
273579
273717
274294
274610
274773
275633
275768
276524
276552
276844
278044
278116
278117
278229
278232
278580
278925
279507
279755
279807
280283
280890
281296
281909
282232
283184
284164
284257
284802
285983
286157
286649
287903
288732
288844
289031
289262
289338
290119
290475
291959
292195
293231
293943
293981
295970
297994
299349
300169
300293
300346
300627
300813
300974
301649
301713
302717
303150
303620
304126
304943
305213
305497
305549
305664
305714
305833
305902
306762
307310
307557
308668
309399
309441
309549
312887
313012
313034
313092
313427
313469
313472
313782
314054
314060
314345
314691
314834
315678
315696
315872
318464
319092
319234
319391
319812
319950
320961
321381
322556
323769
324410
324958
325277
325301
325483
325841
325961
326453
326770
327037
327642
329855
330542
330592
330686
331188
331223
331390
331463
331645
332654
334415
334418
335017
335154
335579
336211
336246
336955
336960
337888
338356
338567
338781
340139
340159
340337
342232
342265
342764
343073
343790
343910
344090
344586
345217
345529
345832
346232
346646
346986
347827
348341
348357
348541
348927
350274
350803
351462
351516
351729
352086
352425
353193
354105
354621
354917
355211
355937
356472
356960
357151
357289
357332
357541
358454
358798
358845
358910
359629
359750
359980
360905
360958
361334
361894
364849
365184
365742
367065
367543
368431
369704
369812
370110
370188
371503
372062
372284
372341
373211
373225
373494
373829
374095
374099
374584
374638
374750
375379
375851
376363
376370
376550
377191
379345
379851
380032
380073
380148
380667
381530
381747
381752
383963
384633
386755
386825
387657
388207
388268
388578
389435
389692
390023
390030
390172
390395
390646
390934
391037
391147
391605
391958
392260
392300
392602
392989
393745
394008
394144
394222
394247
394328
394982
395106
395297
395779
396464
396847
396932
397141
397209
397693
398543
398545
399444
399499
399504
400026
400335
402149
402483
402666
404123
405479
405648
406275
406806
407121
408239
408781
408948
410183
410316
411995
412479
413458
413512
415055
415854
416684
416865
416995
417801
418457
419048
419087
422085
422542
422671
423234
423578
423976
423997
424158
426057
426084
426402
426504
429544
430781
431773
431924
432215
432362
432751
432919
433500
433855
434925
435455
435725
436048
436461
436907
437175
437671
438000
438148
439349
439726
440680
441072
441732
441750
441867
441916
442421
442792
443731
445437
446675
446775
448017
449437
449513
449692
450180
450477
451360
451780
452259
453195
453506
453547
454294
454785
455021
455240
455405
455435
456855
457078
458613
458662
459799
460261
461691
462052
463146
463438
463703
463727
464951
465576
465852
465858
466297
467433
468819
468887
469154
469167
469339
470021
470708
470880
471586
471740
472346
473702
474878
477060
477461
478164
478195
478256
479446
481355
482092
483612
484377
484392
485874
486374
486538
486850
487498
488553
489583
490689
490928
493144
493528
494863
494873
494999
495093
495416
495433
497932
498149
498170
498732
499318
499369
499386
500339
500687
500785
501403
501819
502706
502893
503319
503357
503505
509435
511887
512158
513443
514248
514828
516367
516537
518725
519599
519922
524109
524262
525459
525666
525752
526045
526297
526993
528144
530570
531643
531927
532188
532257
533207
533909
535784
535828
536307
537132
538452
538576
540000
540269
543423
546150
546385
550286
552707
552753
552861
552918
554021
554102
555448
557782
561651
562743
564019
564764
565213
566527
568412
570500
573522
573942
578231
579549
581139
582310
583350
585082
585871
587876
587968
588855
589361
592560
593740
594780
595019
595644
597339
597593
599608
600244
601312
601476
602135
602670
607074
608738
613716
613950
614101
614204
615989
617668
619674
621247
623371
623554
631487
632076
632417
632960
634551
635048
635105
635446
637500
637627
638279
638625
639045
639843
641187
648481
648967
650054
650392
655044
658008
658056
660911
664479
664978
666993
671128
671743
672977
673502
674706
675455
679919
682761
684115
684661
685420
686221
686909
687690
688568
689848
690890
692331
694098
695205
695717
696291
696407
697049
697905
700069
700357
701867
702211
703693
709989
712393
712523
712697
712706
714410
715966
718796
719085
720538
721857
724347
724541
725135
727430
727597
727822
728579
731376
732999
735078
735254
735529
735896
736328
737627
737859
742671
742720
745767
748979
749105
749127
750093
751006
751910
752041
752464
752504
752621
754037
757264
757272
757856
758482
759541
759733
760501
760663
760825
761060
762683
765277
765281
765828
766976
769005
769259
769984
771117
771864
772728
773606
774050
775488
775729
775844
776118
778815
780837
780891
781480
783714
784143
784285
785461
789549
795572
796456
796802
800364
800780
801003
801737
801834
802310
803276
803992
804531
808617
810697
810961
812400
813699
813833
814862
814918
815088
815567
816441
816883
817473
818392
818548
818884
819272
820311
820621
821870
821903
823174
823646
824602
824932
826222
827658
828237
828679
829461
830256
830327
831380
833134
833420
834907
836030
836614
838691
840498
841837
842176
842674
843909
845013
846669
847000
847302
847493
851251
852273
852769
852848
853411
853439
853831
854448
855634
857606
857960
859294
860479
860896
863538
864841
867193
867271
868016
869106
870943
873062
873150
873339
873939
875508
877015
877946
878084
879090
879323
880531
880797
881538
882828
884690
884715
884862
887817
888054
890509
891359
891670
892980
893694
895404
896892
897926
900072
901813
902121
902274
902287
902705
903612
903834
904150
906170
906787
907264
908610
909316
910060
910093
915780
916057
916818
916902
918321
918540
918709
919482
920848
920988
922981
924940
928454
928687
929957
930155
931107
933476
933503
935365
935773
937935
940025
940533
940861
941661
942065
944441
944526
944659
944923
947062
948134
951050
952857
953396
954261
954402
955776
956735
956818
957746
957768
957863
958037
958245
959681
959771
960120
960269
961176
961819
962327
962827
963100
963486
964207
965307
966168
968998
969290
970428
970815
972037
972365
972679
973443
974840
974978
975217
975818
976953
978908
979313
980360
984861
986251
986621
987483
990033
992128
992710
994244
994427
994971
999019
1001530
1002030
1002260
1003352
1008399
1011305
1012754
1012782
1013036
1017542
1018758
1019385
1020074
1020085
1022179
1022909
1023469
1025231
1025266
1028123
1030010
1033213
1033570
1034371
1035537
1038551
1039951
1041097
1045071
1045791
1048235
1048308
1050720
1054016
1055291
1056231
1056483
1057037
1057298
1058108
1060158
1061652
1065004
1067283
1068241
1068644
1070000
1070633
1075287
1075792
1077035
1078559
1078750
1080143
1080147
1080427
1080976
1081078
1081380
1083099
1083941
1084648
1086171
1086269
1087320
1087409
1089905
1091029
1091532
1091592
1093786
1094252
1096879
1097435
1098495
1099959
1100589
1102528
1102801
1102831
1103081
1103819
1107080
1107876
1109470
1110585
1111931
1112038
1112310
1112577
1117759
1118001
1118651
1122587
1122806
1122903
1123048
1123384
1123396
1123428
1123832
1124222
1126099
1127576
1140856
1143253
1144305
1144984
1146667
1147451
1149972
1155576
1161059
1162583
1163768
1165399
1169516
1175693
1176902
1177961
1185521
1187729
1192214
1194305
1198472
1205322
1209073
1217401
1221709
1222063
1222111
1224072
1230630
1233941
1236529
1243958
1244114
1245009
1250238
1269027
1269867
1282863
1286135
1292822
1294296
1294470
1295066
1296646
1298281
1299002
1307106
1308702
1321548
1326141
1328755
1329022
1331658
1331795
1332767
1332892
1333607
1333698
1334182
1334451
1335436
1342770
1342950
1343968
1344760
1347071
1347798
1348225
1348454
1350622
1353787
1354196
1355448
1355485
1355996
1361039
1363751
1368113
1368312
1368339
1369312
1369878
1370111
1370696
1370710
1375346
1378110
1378571
1379653
1380789
1381392
1383581
1385069
1387028
1388054
1389176
1390324
1391219
1391429
1391913
1393361
1393396
1394375
1394456
1394592
1395613
1397646
1399382
1400677
1402128
1403113
1403489
1403796
1404993
1405734
1405969
1406888
1408729
1408852
1408894
1411190
1414436
1414943
1415527
1416577
1416635
1417167
1418962
1419539
1419625
1420041
1420195
1421350
1421382
1421647
1422845
1422922
1423749
1425012
1426525
1430463
1430812
1431050
1434267
1440684
1441049
1445969
1447396
1449406
1455177
1455826
1457757
1459613
1459691
1460930
1461146
1462172
1463870
1464540
1464960
1466595
1469546
1469628
1470087
1470380
1471144
1472216
1473843
1475366
1478816
1479407
1480545
1483206
1485559
1488750
1489842
1490064
1490143
1490493
1491451
1492263
1492362
1493080
1494085
1494115
1495093
1495292
1495484
1497541
1498115
1501334
1502062
1502322
1504327
1505131
1509500
1510187
1510359
1513995
1517021
1517621
1518877
1518953
1520038
1522054
1522367
1522811
1526134
1527166
1527675
1532245
1532382
1532966
1533565
1534029
1537679
1537700
1538064
1539362
1539711
1542056
1542981
1546295
1546717
1546971
1549064
1549433
1550908
1551667
1555716
1560962
1561293
1561676
1562992
1563734
1564055
1564073
1564407
1564722
1564803
1565737
1566445
1566683
1568906
1572009
1572100
1572973
1577174
1577630
1579175
1580096
1580892
1583601
1589088
1589265
1590545
1590890
1590973
1592144
1594681
1595415
1597018
1599024
1600377
1600633
1603036
1603345
1606398
1606678
1607326
1609397
1609695
1609807
1610138
1610247
1611017
1612013
1612226
1612407
1613615
1614147
1614498
1614649
1618708
1619003
1620995
1621254
1621784
1622145
1623618
1624056
1627464
1629437
1629688
1630655
1632589
1634228
1638290
1639688
1641794
1641857
1641895
1645310
1645882
1647993
1649254
1649714
1650421
1651347
1652187
1654287
1658116
1658502
1660223
1660272
1660323
1661326
1661370
1661741
1662516
1665048
1665750
1667694
1670492
1672009
1673526
1676012
1676443
1676980
1677679
1678510
1678824
1679153
1680558
1680968
1681713
1682659
1688212
1688310
1688409
1691177
1691495
1694097
1694689
1698465
1698814
1700774
1704281
1704782
1705482
1705743
1705937
1705983
1706441
1707315
1708623
1709563
1710376
1710396
1711670
1713261
1713929
1713950
1719158
1721480
1721744
1725562
1727931
1730657
1737071
1738583
1738677
1739861
1741982
1742727
1745076
1747644
1748970
1752263
1752286
1753270
1753427
1753907
1754576
1758805
1760880
1762243
1764771
1765922
1766158
1769804
1770850
1771136
1773422
1779148
1780104
1781716
1785056
1786397
1790531
1791647
1805678
1810369
1812713
1813366
1829863
1844666
1846123
1846695
1863428
1865038
1865258
1865928
1875946
1878973
1884746
1888948
1889111
1889164
1899713
1900645
1901868
1904684
1919639
1921268
1927497
1929665
1936155
1937802
1959656
1963085
1965492
1966439
1968569
1971212
1978116
1980178
1985047
1985292
1986279
1986316
1987328
1990767
1991588
1992110
1992819
1995415
1995498
1996115
1997199
1997451
1998063
1999628
1999806
2000367
2002312
2002550
2002656
2002743
2002904
2003077
2005793
2007499
2007528
2007864
2008160
2008277
2012464
2012955
2013141
2016304
2016446
2017006
2017571
2018867
2019230
2019297
2020258
2023654
2023658
2023806
2024061
2025190
2026289
2027538
2028796
2028919
2029709
2032246
2034802
2036123
2036239
2036324
2037233
2037696
2038494
2042388
2044805
2045003
2045436
2045938
2048708
2049060
2050325
2052343
2053166
2053649
2054120
2057076
2057255
2061008
2061249
2061273
2062767
2063050
2063151
2066192
2066274
2068730
2070136
2070160
2070591
2074820
2074901
2075072
2075153
2075421
2075991
2076314
2076762
2077952
2079893
2080423
2082283
2084585
2084868
2085097
2085592
2086582
2087351
2088777
2088822
2089190
2089493
2090708
2091076
2093281
2093940
2094048
2096877
2102402
2105718
2106474
2106558
2106571
2109342
2110102
2110306
2110790
2112346
2112827
2115750
2116373
2119828
2120471
2121065
2124862
2125833
2127857
2129624
2130150
2130915
2132787
2133122
2133809
2136250
2137591
2139512
2139568
2139611
2141703
2142083
2143583
2144444
2144835
2145424
2145763
2149820
2150980
2171587
2199668
2209892
2215626
2233357
2234659
2237143
2238209
2239774
2240363
2242168
2242170
2242369
2243167
2245684
2245903
2246502
2246827
2250300
2251097
2254727
2259377
2260583
2261599
2262037
2264305
2264372
2265134
2265414
2269497
2272037
2273033
2274255
2275404
2276553
2278434
2278758
2279145
2279617
2284129
2285321
2285629
2289338
2293955
2294093
2294670
2295806
2304257
2304770
2305136
2307989
2311079
2311866
2314642
2315947
2317858
2321046
2321069
2322050
2322422
2323665
2329805
2330223
2330453
2332759
2334592
2334845
2338169
2339233
2339317
2341644
2343046
2343735
2344004
2344644
2344828
2347174
2349045
2349264
2350604
2352289
2355286
2356416
2356515
2359012
2361804
2362742
2363056
2363323
2364922
2365368
2369023
2369729
2370913
2371039
2372147
2372604
2372762
2374344
2374893
2375749
2376237
2376685
2377513
2378383
2378518
2378600
2379284
2379327
2379742
2380225
2381607
2381996
2382738
2383629
2388782
2389496
2390687
2390691
2392902
2394309
2395968
2396704
2397006
2397106
2398346
2402414
2404707
2405071
2405397
2405996
2407407
2407915
2408397
2409050
2409077
2410056
2410627
2412275
2412807
2413743
2414134
2418228
2419689
2420611
2420627
2420629
2421175
2422005
2424882
2425382
2425462
2426801
2429907
2430053
2430657
2431813
2433403
2433717
2434068
2434694
2435326
2435720
2435892
2437272
2437379
2438248
2439514
2439592
2441634
2442806
2444643
2445196
2445764
2445890
2447481
2451213
2454652
2456666
2457456
2458410
2458883
2459316
2459708
2460163
2461128
2461744
2462425
2466168
2467912
2467929
2470387
2470431
2470882
2473579
2474923
2474964
2475039
2475164
2475202
2475601
2477027
2481625
2483037
2483271
2484695
2484711
2484911
2485565
2486879
2488663
2489471
2490404
2490433
2490551
2490555
2491250
2495773
2497208
2499114
2499383
2501565
2502323
2502398
2505268
2506325
2509421
2510764
2511286
2511340
2513465
2513499
2514244
2515791
2516365
2518113
2520462
2521406
2521721
2524184
2526895
2529005
2530390
2542307
2542416
2544243
2550531
2551950
2552693
2555359
2555630
2556028
2557870
2560607
2563223
2564482
2564745
2564810
2569698
2569806
2570918
2571857
2576135
2576314
2578441
2579150
2585403
2594112
2595146
2596830
2596849
2597708
2597826
2600445
2605845
2607541
2607911
2608779
2609397
2610333
2611218
2615325
2616522
2616843
2617829
2618060
2618396
2621879
2622793
2629055
2630574
2634609
2635211
2637751
2638488
2644086
2644835
2649548
2653773
2653864
2653917
2656728
2661211
2661310
2666285
2667641
2675854
2676451
2679414
2683509
2684079
2699069
2705350
2714781
2727885
2737212
2748020
2750543
2752988
2754481
2754706
2754962
2755230
2756050
2756923
2756954
2758124
2759746
2762665
2762816
2763076
2763392
2765429
2766872
2771262
2772341
2772647
2773078
2776761
2778787
2779361
2779497
2779754
2780921
2781454
2784526
2784864
2785238
2785759
2785897
2786282
2787451
2791075
2791590
2791958
2793371
2793899
2795563
2795681
2795688
2796199
2797221
2797240
2797436
2800963
2805247
2805684
2805979
2808599
2809526
2810290
2811121
2813713
2814353
2818057
2818494
2820837
2821451
2823318
2823836
2824635
2824637
2824791
2827378
2832745
2835006
2838404
2840074
2842524
2844325
2844578
2845086
2845494
2846376
2855959
2860630
2861426
2861859
2870065
2871010
2875186
2876061
2881524
2882325
2885378
2886516
2887816
2888059
2889603
2895423
2897235
2899240
2902040
2910337
2910999
2911260
2913598
2913654
2914314
2919244
2919295
2922037
2923523
2924221
2930025
2936143
2940477
2941009
2944915
2945457
2950471
2951773
2954269
2955453
2955734
2958305
2958338
2958876
2959203
2960929
2963495
2963541
2964906
2966333
2967866
2968021
2968563
2970173
2971609
2975128
2977563
2978844
2979111
2980318
2981939
2993673
2994215
2999104
3001541
3003082
3003605
3004635
3008349
3009221
3010245
3010525
3010724
3010821
3012766
3012925
3017337
3018039
3018191
3018228
3019583
3028741
3029661
3033643
3033719
3033737
3037297
3038326
3044009
3045595
3046980
3047519
3048095
3049042
3050236
3051773
3052351
3055332
3058850
3059879
3060324
3060591
3061377
3061709
3062535
3063085
3072144
3072290
3073744
3075020
3083940
3084137
3085223
3090620
3091716
3091862
3092136
3093877
3096400
3096653
3096760
3097150
3097259
3099180
3101835
3101984
3113168
3120031
3124140
3148288
3162706
3172083
3174064
3196242
3206733
3218103
3231730
3241729
3245195
3246530
3271154
3279583
3281309
3284096
3287860
3288413
3292026
3292919
3292996
3293752
3293984
3295136
3298237
3299001
3303642
3305429
3306040
3306055
3306304
3306517
3306962
3307290
3308892
3309534
3311300
3311498
3312775
3314782
3314855
3315812
3316824
3322263
3328478
3329528
3331939
3332180
3333455
3340897
3340935
3341510
3342645
3344606
3344883
3345871
3350019
3350841
3354748
3354854
3356783
3357586
3363137
3363391
3364545
3366048
3366225
3366425
3366519
3366909
3367214
3368475
3368703
3369080
3369460
3369741
3373429
3374388
3376820
3389632
3390071
3390435
3391898
3393888
3394790
3396980
3397354
3397808
3397934
3402202
3410969
3411202
3411582
3412624
3414038
3419631
3419825
3419826
3420071
3424705
3425930
3426307
3428012
3430516
3431514
3433293
3434337
3435138
3443031
3445753
3448601
3452473
3454283
3455514
3456292
3459331
3463127
3464072
3464138
3465576
3467318
3472136
3472597
3472833
3476340
3477921
3479244
3480134
3480444
3482436
3484337
3490924
3491502
3493963
3495438
3498581
3503272
3503814
3504703
3505308
3511355
3516385
3517153
3520353
3522177
3527854
3529692
3532146
3539585
3539789
3542210
3543470
3545688
3546350
3547297
3548462
3548972
3549640
3550040
3550130
3550151
3550414
3550550
3552685
3554259
3554351
3556300
3561246
3561286
3563851
3566810
3571234
3573972
3576842
3577147
3579493
3580451
3580804
3580986
3589469
3594473
3605885
3619813
3629202
3644462
3656418
3713063
3714210
3719898
3723726
3728814
3728917
3735257
3735779
3737770
3743105
3743466
3744628
3744644
3750059
3752350
3756470
3757364
3761071
3762725
3762994
3767466
3767896
3768630
3772914
3773523
3774531
3775738
3777895
3780593
3782149
3784188
3785140
3789411
3792557
3795967
3798057
3803979
3805736
3806153
3807197
3807652
3807949
3808602
3809240
3811270
3819674
3820201
3821631
3823282
3824180
3826791
3828305
3834033
3834951
3839997
3840698
3842889
3845067
3847228
3848843
3849336
3849995
3850200
3855717
3855995
3856107
3856669
3864395
3865832
3867094
3867618
3869201
3876093
3877379
3877999
3880016
3881051
3881391
3882003
3882199
3883432
3886132
3891406
3895424
3896934
3897545
3900673
3903311
3903989
3904031
3905334
3908037
3908038
3908635
3908644
3920606
3925179
3926445
3926628
3926673
3926739
3928452
3930121
3930426
3930609
3934697
3936537
3938312
3943149
3944871
3945593
3945987
3948036
3949459
3950152
3951065
3952259
3952974
3953401
3954724
3955123
3956272
3957681
3961287
3961440
3961766
3963967
3964024
3964966
3969509
3971409
3975599
3976043
3976547
3976791
3976893
3977177
3977521
3980554
3985532
3987491
3987933
3988186
3989151
3991781
3994819
4001437
4001747
4007230
4007666
4010744
4010804
4011245
4013282
4015539
4015694
4017878
4018790
4020322
4029369
4045256
4062479
4070560
4078741
4097165
4115599
4124568
4132228
4137636
4155676
4155914
4156763
4159057
4160839
4161306
4162927
4164537
4167139
4168142
4171279
4171466
4172068
4174473
4174775
4177418
4177528
4184161
4184304
4184402
4184748
4186574
4186808
4187390
4192564
4192713
4192999
4194125
4198974
4200407
4201914
4205123
4205816
4206303
4208069
4208514
4209749
4212130
4213037
4213262
4213390
4218409
4222110
4227826
4230974
4232866
4233285
4234953
4235373
4235814
4236980
4237551
4241767
4241949
4242336
4244025
4244382
4244705
4245232
4246648
4246822
4247171
4252454
4253729
4253866
4255440
4256417
4256652
4256945
4258050
4258617
4258853
4259274
4260614
4262075
4262740
4262831
4264833
4265687
4271015
4272992
4276784
4277555
4281991
4284066
4286954
4289569
4290706
4292607
4294801
4296055
4298726
4301038
4301815
4302322
4303000
4303192
4303269
4303660
4306840
4307232
4308397
4308675
4309367
4310637
4314856
4315334
4318211
4319115
4319318
4324717
4326169
4326924
4327109
4330901
4331442
4331573
4337650
4338216
4340382
4341629
4341642
4345476
4347172
4350185
4351949
4352937
4358335
4358851
4360865
4361647
4366528
4367359
4370160
4372580
4373038
4373273
4387694
4388155
4388281
4388594
4389653
4397399
4399271
4399388
4399678
4400187
4400509
4402651
4403581
4403626
4404017
4404683
4408154
4413840
4414233
4414781
4415013
4415577
4415830
4415977
4416604
4417303
4421876
4424737
4425794
4427858
4430765
4432033
4432673
4433718
4434231
4439748
4442228
4443673
4443916
4443950
4449205
4452790
4452791
4452854
4454230
4454371
4457077
4457203
4457395
4462280
4463329
4464289
4466265
4466815
4466953
4467125
4467139
4467805
4468681
4469052
4472785
4472796
4513623
4532957
4594586
4613065
4617915
4620090
4620392
4620877
4622325
4627190
4629099
4630386
4630987
4632160
4634457
4634535
4635203
4635368
4635983
4637585
4640364
4640446
4640523
4642920
4643077
4645114
4647974
4652791
4654908
4660851
4665488
4666490
4667846
4668061
4671164
4672217
4675188
4675543
4681657
4682133
4693270
4694080
4694677
4696071
4696225
4696545
4700728
4704188
4710192
4710303
4710495
4710572
4710598
4711712
4713110
4716902
4718303
4719620
4719833
4720952
4724617
4724658
4724834
4727521
4727611
4730421
4730907
4733685
4739640
4741861
4743650
4743726
4743995
4744952
4745072
4746564
4752051
4757921
4758037
4758502
4763359
4766664
4768563
4771357
4771700
4771760
4772083
4772451
4772538
4774304
4778426
4779030
4779328
4779949
4782692
4782891
4791686
4791933
4792365
4792766
4793334
4796981
4802055
4802522
4803360
4805968
4807921
4817798
4819241
4823283
4823591
4824893
4825074
4827058
4830957
4832417
4841648
4842534
4844626
4849063
4854284
4862814
4864850
4869171
4870126
4870306
4876119
4876388
4876637
4879635
4886473
4890922
4891364
4892954
4895035
4897225
4902864
4904849
4909542
4910677
4910975
4912103
4916676
4917002
4917799
4917808
4917848
4918702
4920640
4920672
4928486
4931851
4941370
4965758
5023937
5094813
5095545
5095640
5097692
5097717
5100062
5105290
5105313
5108653
5109857
5110563
5110737
5110844
5114620
5118078
5121349
5121663
5122758
5124060
5124296
5125271
5125575
5126228
5126795
5128145
5128508
5128936
5130705
5134627
5135201
5138894
5139214
5139305
5140684
5141744
5147464
5148039
5148362
5148382
5149945
5150527
5151885
5152218
5152527
5155955
5156342
5156627
5158622
5158852
5159514
5160303
5161778
5162858
5166483
5166598
5169047
5169887
5172528
5175130
5175803
5176695
5179736
5179988
5184273
5186311
5188253
5189977
5191090
5191381
5192480
5195413
5198297
5200729
5203720
5204229
5204296
5204526
5206678
5206921
5207038
5207154
5207455
5207871
5209197
5215231
5215758
5219879
5222037
5226219
5228127
5229098
5230993
5234431
5236341
5236484
5236762
5239068
5243113
5243265
5245267
5245686
5246312
5250192
5250306
5251351
5251619
5252624
5253171
5253683
5254210
5254787
5255520
5255835
5256037
5258460
5259487
5259957
5260696
5262673
5263563
5264014
5264073
5264176
5264487
5267302
5268154
5297697
5357583
5358259
5374697
5380799
5388495
5396055
5396288
5398454
5404091
5404337
5404475
5404523
5407259
5409110
5410607
5412080
5417141
5417381
5418398
5418410
5419175
5419394
5420316
5420537
5420957
5421627
5422428
5423101
5423514
5423580
5423760
5424207
5424327
5426368
5427156
5428130
5428727
5428792
5429286
5429917
5433053
5435134
5436346
5437231
5437644
5437731
5438288
5438556
5439184
5439499
5439986
5440624
5445177
5446137
5452300
5452367
5452564
5454089
5454102
5455193
5455604
5455945
5456550
5459205
5461505
5468394
5468711
5475680
5476435
5477328
5479454
5482412
5483085
5483274
5483451
5489866
5495429
5500046
5500109
5500610
5502127
5502993
5505820
5507318
5509934
5512436
5512732
5513847
5515176
5516379
5519425
5524261
5524756
5527192
5532852
5533759
5533777
5534029
5536407
5536778
5538656
5538923
5541947
5541951
5543067
5547824
5550322
5550784
5550840
5551925
5557646
5557847
5559810
5560086
5560516
5566085
5570217
5572003
5580200
5584694
5584747
5585711
5587022
5588640
5589248
5589439
5590746
5590801
5591532
5592175
5592496
5592855
5593643
5594620
5594770
5594844
5596675
5596999
5598284
5602837
5603400
5605347
5605534
5609790
5611278
5611606
5612664
5613760
5614526
5616101
5617435
5617907
5618522
5641974
5656454
5673664
5693162
